MaxFlow: 21.1065

B matrix:
0	0	1	0	1	1	1	0	
0	0	1	1	0	1	1	0	
0	1	0	0	1	0	1	1	
1	0	1	0	1	1	0	0	
1	0	0	1	0	1	0	1	
0	1	0	0	1	0	1	1	
1	1	0	1	0	0	0	1	
1	1	1	1	0	0	0	0	

Traffic matrix:
0	6.50272	8.8462	9.69505	9.67205	10.8189	9.87817	8.03687	
9.25002	0	9.68509	9.26404	7.6464	10.0616	8.51729	7.31263	
7.11513	10.5772	0	9.23704	10.3237	8.94137	8.20473	9.35986	
10.9337	7.26014	9.96755	0	9.73044	10.9639	6.99692	6.16865	
10.7211	6.64329	6.8541	8.92919	0	9.97715	7.7351	11.1674	
8.33556	11.323	7.07744	7.03049	11.743	0	10.2855	7.61662	
7.93263	9.26909	6.42131	7.75868	7.53362	6.57561	0	8.66985	
8.65504	6.97092	11.8416	10.6522	8.50782	9.44565	6.22227	0	

Flow matrix:
0	0	21.1065	0	21.1065	21.1065	21.1065	0	
6.07394e-13	0	21.1065	21.1065	0	21.1065	21.1065	0	
0	21.1065	0	0	21.1065	0	21.1065	21.1065	
21.1065	0	21.1065	0	21.1065	21.1065	0	0	
21.1065	-2.21697e-13	0	21.1065	0	21.1065	0	21.1065	
0	21.1065	0	0	21.1065	0	21.1065	21.1065	
21.1065	21.1065	0	21.1065	0	0	0	21.1065	
21.1065	21.1065	21.1065	21.1065	0	0	0	0	

Flow Specific matrices:
From Source 1 to Sink 1
0	0	0	0	0	0	0	0	
0	0	0	0	0	0	0	0	
0	0	0	0	0	0	0	0	
0	0	0	0	0	0	0	0	
0	0	0	0	0	0	0	0	
0	0	0	0	0	0	0	0	
0	0	0	0	0	0	0	0	
0	0	0	0	0	0	0	0	
From Source 1 to Sink 2
0	0	0	0	0	0	6.50272	0	
0	0	0	0	0	0	0	0	
0	0	0	0	0	0	0	0	
0	0	0	0	0	0	0	0	
0	0	0	0	0	0	0	0	
0	6.50272	0	0	0	0	0	0	
0	0	0	0	0	0	0	0	
0	0	0	0	0	0	0	0	
From Source 1 to Sink 3
0	0	8.8462	0	0	0	0	0	
0	0	0	0	0	0	0	0	
0	0	0	0	0	0	0	0	
0	0	0	0	0	0	0	0	
0	0	0	0	0	0	0	0	
0	0	0	0	0	0	0	0	
0	0	0	0	0	0	0	0	
0	0	0	0	0	0	0	0	
From Source 1 to Sink 4
0	0	5.18285	0	0	4.51219	0	0	
0	0	0	4.96021	0	0	0	0	
0	0	0	0	0	0	0	0	
0	0	0	0	0	0	0	0	
0	0	0	0	0	0	0	0	
0	0	0	0	0	0	0	0	
0	0	0	0	0	0	0	0	
0	0	0	4.73484	0	0	0	0	
From Source 1 to Sink 5
0	0	0	0	9.67205	0	0	0	
0	0	0	0	0	0	0	0	
0	0	0	0	0	0	0	0	
0	0	0	0	0	0	0	0	
0	0	0	0	0	0	0	0	
0	0	0	0	0	0	0	0	
0	0	0	0	0	0	0	0	
0	0	0	0	0	0	0	0	
From Source 1 to Sink 6
0	0	0	0	0	10.8189	0	0	
0	0	0	0	0	0	0	0	
0	0	0	0	0	0	0	0	
0	0	0	0	0	0	0	0	
0	0	0	0	0	0	0	0	
0	0	0	0	0	0	0	0	
0	0	0	0	0	0	0	0	
0	0	0	0	0	0	0	0	
From Source 1 to Sink 7
0	0	0	0	0	0	9.87817	0	
0	0	0	0	0	0	-2.06601e-13	0	
0	0	0	0	0	0	0	0	
0	0	0	0	0	0	0	0	
0	0	0	0	0	0	0	0	
0	0	0	0	0	0	0	0	
0	0	0	0	0	0	0	0	
0	0	0	0	0	0	0	0	
From Source 1 to Sink 8
0	0	0	0	4.44553	3.59134	0	0	
0	0	0	0	0	0	0	0	
0	0	0	0	0	0	0	0	
0	0	0	0	0	0	0	0	
0	0	0	0	0	0	0	8.03687	
0	0	0	0	0	0	0	0	
0	0	0	0	0	0	0	0	
0	0	0	0	0	0	0	0	
From Source 2 to Sink 1
0	0	0	0	0	0	0	0	
0	0	3.775	0	0	0	5.47502	0	
2.14939e-13	0	0	0	0	0	0	0	
8.28899	0	0	0	0	0	0	0	
0	0	0	0	0	0	0	0	
0	0	0	0	0	0	0	0	
0.961037	0	0	0	0	0	0	0	
0	0	0	0	0	0	0	0	
From Source 2 to Sink 2
0	0	0	0	0	0	0	0	
0	0	0	0	0	0	0	0	
0	0	0	0	0	0	0	0	
0	0	0	0	0	0	0	0	
0	0	0	0	0	0	0	0	
0	0	0	0	0	0	0	0	
0	0	0	0	0	0	0	0	
0	0	0	0	0	0	0	0	
From Source 2 to Sink 3
0	0	0	0	0	0	0	0	
0	0	9.68509	0	0	0	0	0	
0	0	0	0	0	0	0	0	
0	0	0	0	0	0	0	0	
0	0	0	0	0	0	0	0	
0	0	0	0	0	0	0	0	
0	0	0	0	0	0	0	0	
0	0	0	0	0	0	0	0	
From Source 2 to Sink 4
0	0	0	0	0	0	0	0	
0	0	0	9.26404	0	0	0	0	
0	0	0	0	0	0	0	0	
0	0	0	0	0	0	0	0	
0	0	0	0	0	0	0	0	
0	0	0	0	0	0	0	0	
0	0	0	0	0	0	0	0	
0	0	0	0	0	0	0	0	
From Source 2 to Sink 5
0	0	0	0	6.98891	0	0	0	
0	0	7.6464	0	0	0	0	0	
0	0	0	0	0	0	0	0	
0	0	0	0	0	0	0	0	
0	0	0	0	0	0	0	0	
0	0	0	0	0.657487	0	0	0	
0	0	0	0	0	0	0	0	
0	0	0	0	0	0	0	0	
From Source 2 to Sink 6
0	0	0	0	0	0	0	0	
8.68519e-13	0	0	0	0	10.0616	0	0	
0	0	0	0	0	0	0	0	
0	0	0	0	0	6.43041e-13	0	0	
0	0	0	0	0	0	0	0	
0	0	0	0	0	0	0	0	
0	0	0	0	0	0	0	0	
0	0	0	0	0	0	0	0	
From Source 2 to Sink 7
0	0	0	0	0	0	0	0	
0	0	0	0	0	0	8.51729	0	
0	0	0	0	0	0	0	0	
0	0	0	0	0	0	0	0	
0	0	0	0	0	0	0	0	
0	0	0	0	0	0	0	0	
0	0	0	0	0	0	0	0	
0	0	0	0	0	0	0	0	
From Source 2 to Sink 8
0	0	0	0	0	0	0	0	
0	0	0	2.84334	0	4.46929	0	0	
0	0	0	0	0	0	0	0.111658	
0	0	0	0	0	0	0	0	
0	0	0	0	0	0	0	0	
0	0	0	0	0	0	0	2.86096	
0	0	0	0	0	0	0	4.34	
0	0	0	0	0	0	0	0	
From Source 3 to Sink 1
0	0	0	0	0	0	0	0	
0	0	0	0	0	0	0	0	
0	0	0	0	3.2492	0	0	3.86593	
0	0	0	0	0	0	0	0	
0	0	0	0	0	0	0	0	
-3.74811e-13	0	0	0	0	0	0	0	
0	0	0	0	0	0	0	0	
7.11513	0	0	0	0	0	0	0	
From Source 3 to Sink 2
0	0	0	0	0	0	0	0	
0	0	0	0	0	0	0	0	
-2.14939e-13	10.5772	0	0	0	0	0	0	
0	0	0	0	0	0	0	0	
0	0	0	0	0	0	0	0	
0	0	0	0	0	0	0	0	
0	-2.15444e-13	0	0	0	0	0	0	
0	0	0	0	0	0	0	0	
From Source 3 to Sink 3
0	0	0	0	0	0	0	0	
0	0	0	0	0	0	0	0	
0	0	0	0	0	0	0	0	
0	0	0	0	0	0	0	0	
0	0	0	0	0	0	0	0	
0	0	0	0	0	0	0	0	
0	0	0	0	0	0	0	0	
0	0	0	0	0	0	0	0	
From Source 3 to Sink 4
0	0	0	0	0	0	0	0	
0	0	0	4.03891	0	0	0	0	
0	0	0	0	0	0	1.468	7.76904	
0	0	0	0	0	0	0	0	
0	0	0	0	0	0	0	0	
0	0	0	0	0	0	0	0	
0	0	0	5.19813	0	0	0	0	
0	0	0	0	0	0	0	0	
From Source 3 to Sink 5
0	0	0	0	0	0	0	0	
0	0	0	0	0	0	0	0	
0	0	0	0	10.3237	0	0	0	
0	0	0	0	0	0	0	0	
0	0	0	0	0	0	0	0	
0	0	0	0	0	0	0	0	
0	0	0	0	0	0	0	0	
0	0	0	0	0	0	0	0	
From Source 3 to Sink 6
0	0	0	0	0	0	0	0	
0	0	0	0	0	0	0	0	
0	4.13668	0	0	0	0	4.80469	0	
0	0	0	0	0	0	0	0	
0	0	0	0	0	8.94137	0	0	
0	0	0	0	0	0	0	0	
0	0	0	0	0	0	0	0	
0	0	0	0	0	0	0	0	
From Source 3 to Sink 7
0	0	0	0	0	0	0	0	
0	0	0	0	0	0	0	0	
0	0	0	0	0	0	8.20473	0	
0	0	0	0	0	0	0	0	
0	0	0	0	0	0	0	0	
0	0	0	0	0	0	0	0	
0	0	0	0	0	0	0	0	
0	0	0	0	0	0	0	0	
From Source 3 to Sink 8
0	0	0	0	0	0	0	0	
0	0	0	0	0	0	0	0	
0	0	0	0	0	0	0	9.35986	
0	0	0	0	0	0	0	0	
0	0	0	0	0	0	0	0	
0	0	0	0	0	0	0	0	
0	0	0	0	0	0	0	0	
0	0	0	0	0	0	0	0	
From Source 4 to Sink 1
0	0	0	0	0	0	0	0	
0	0	0	0	0	0	0	0	
0	0	0	0	0	0	0	0	
10.9337	0	0	0	0	0	0	0	
0	0	0	0	0	0	0	0	
0	0	0	0	0	0	0	0	
0	0	0	0	0	0	0	0	
0	0	0	0	0	0	0	0	
From Source 4 to Sink 2
0	0	0	0	0	0	0	0	
0	0	0	0	0	0	0	0	
0	0	0	0	0	0	0	0	
0	0	0	0	4.37914	2.881	0	0	
0	0	0	0	0	0	0	0	
0	0	0	0	0	0	0	0	
0	5.01112	0	0	0	0	0	0	
0	2.24903	0	0	0	0	0	0	
From Source 4 to Sink 3
0	0	0	0	0	0	0	0	
0	0	0	0	0	0	0	0	
0	0	0	0	0	0	0	0	
0	0	9.96755	0	0	0	0	0	
0	0	0	0	0	0	0	0	
0	0	0	0	0	0	0	0	
0	0	0	0	0	0	0	0	
0	0	0	0	0	0	0	0	
From Source 4 to Sink 4
0	0	0	0	0	0	0	0	
0	0	0	0	0	0	0	0	
0	0	0	0	0	0	0	0	
0	0	0	0	0	0	0	0	
0	0	0	0	0	0	0	0	
0	0	0	0	0	0	0	0	
0	0	0	0	0	0	0	0	
0	0	0	0	0	0	0	0	
From Source 4 to Sink 5
0	0	0	0	0	0	0	0	
0	0	0	0	0	0	0	0	
0	0	0	0	0	0	0	0	
4.7784e-13	0	0	0	9.73044	0	0	0	
0	0	0	0	0	0	0	0	
0	0	0	0	4.7784e-13	0	0	0	
0	0	0	0	0	0	0	0	
0	0	0	0	0	0	0	0	
From Source 4 to Sink 6
0	0	0	0	0	0	0	0	
0	0	0	0	0	0	0	0	
0	0	0	0	0	0	0	0	
0	0	0	0	0	10.9639	0	0	
0	0	0	0	0	0	0	0	
0	0	0	0	0	0	0	0	
0	0	0	0	0	0	0	0	
0	0	0	0	0	0	0	0	
From Source 4 to Sink 7
0	0	0	0	0	0	0	0	
0	0	0	0	0	0	0.367842	0	
0	0	0	0	0	0	6.62908	0	
0	0	0	0	6.99692	0	0	0	
0	0	0	0	0	0	0	0	
0	0	0	0	0	0	0	0	
0	0	0	0	0	0	0	0	
0	0	0	0	0	0	0	0	
From Source 4 to Sink 8
0	0	0	0	0	0	0	0	
0	0	0	0	0	0	0	0	
0	0	0	0	0	0	0	0	
1.8838	0	4.28485	0	0	0	0	0	
0	0	0	0	0	0	0	0	
0	0	0	0	0	0	0	0	
0	0	0	0	0	0	0	6.16865	
0	0	0	0	0	0	0	0	
From Source 5 to Sink 1
0	0	0	0	0	0	0	0	
0	0	0	0	0	0	0	0	
0	0	0	0	0	0	0	0	
0	0	0	0	0	0	0	0	
10.7211	0	0	0	0	0	0	0	
0	0	0	0	0	0	0	0	
0	0	0	0	0	0	0	0	
0	0	0	0	0	0	0	0	
From Source 5 to Sink 2
0	0	0	0	0	0	0	0	
0	0	0	0	0	0	0	0	
0	6.39262	0	0	0	0	0	0	
0	0	0	0	0	0	0	0	
6.64329	0	0	0	0	0	0	0	
0	0	0	0	0	0	0	0	
0	0.250671	0	0	0	0	0	0	
0	0	0	0	0	0	0	0	
From Source 5 to Sink 3
0	0	0	0	0	0	0	0	
0	0	0	0	0	0	0	0	
0	0	0	0	0	0	0	0	
0	0	6.8541	0	0	0	0	0	
2.76388	0	0	0	0	2.18797	0	1.90225	
0	0	0	0	0	0	0	0	
0	0	0	0	0	0	0	0	
0	0	0	0	0	0	0	0	
From Source 5 to Sink 4
0	0	0	0	0	0	0	0	
0	0	0	0	0	0	0	0	
0	0	0	0	0	0	0	0	
0	0	0	0	0	0	0	0	
0	-2.21697e-13	0	8.92919	0	0	0	2.21697e-13	
0	0	0	0	0	0	0	0	
0	0	0	0	0	0	0	0	
0	0	0	0	0	0	0	0	
From Source 5 to Sink 5
0	0	0	0	0	0	0	0	
0	0	0	0	0	0	0	0	
0	0	0	0	0	0	0	0	
0	0	0	0	0	0	0	0	
0	0	0	0	0	0	0	0	
0	0	0	0	0	0	0	0	
0	0	0	0	0	0	0	0	
0	0	0	0	0	0	0	0	
From Source 5 to Sink 6
0	0	0	0	0	0	0	0	
0	0	0	0	0	0	0	0	
0	0	0	0	0	0	0	0	
0	0	0	0	0	0	0	0	
0	0	0	0	0	9.97715	0	0	
0	0	0	0	0	0	0	0	
0	0	0	0	0	0	0	0	
0	0	0	0	0	0	0	0	
From Source 5 to Sink 7
0	0	0	0	0	0	0	0	
0	0	0	0	0	0	5.24968	0	
0	0	0	0	0	0	0	0	
0	0	0	0	0	0	0	0	
0.978205	0	0	6.7569	0	0	0	0	
0	0	0	0	0	0	2.48543	0	
0	0	0	0	0	0	0	0	
0	0	0	0	0	0	0	0	
From Source 5 to Sink 8
0	0	0	0	0	0	0	0	
0	0	0	0	0	0	0	0	
0	0	0	0	0	0	0	0	
0	0	0	0	0	0	0	0	
0	0	0	0	0	0	0	11.1674	
0	0	0	0	0	0	0	0	
0	0	0	0	0	0	0	0	
0	0	0	0	0	0	0	0	
From Source 6 to Sink 1
0	0	0	0	0	0	0	0	
0	0	0	0	0	0	0	0	
0	0	0	0	0	0	0	0	
0	0	0	0	0	0	0	0	
0	0	0	0	0	0	0	0	
0	0	0	0	0	0	8.33556	0	
8.33556	0	0	0	0	0	0	0	
0	0	0	0	0	0	0	0	
From Source 6 to Sink 2
0	0	0	0	0	0	0	0	
0	0	0	0	0	0	0	0	
0	0	0	0	0	0	0	0	
0	0	0	0	0	0	0	0	
0	0	0	0	0	0	0	0	
0	11.323	0	0	0	0	0	0	
0	0	0	0	0	0	0	0	
0	0	0	0	0	0	0	0	
From Source 6 to Sink 3
0	0	7.07744	0	0	0	0	0	
0	0	0	0	0	0	0	0	
0	0	0	0	0	0	0	0	
0	0	0	0	0	0	0	0	
0	0	0	0	0	0	0	0	
0	0	0	0	0.198232	0	0	6.87921	
0	0	0	0	0	0	0	0	
0	0	0	0	0	0	0	0	
From Source 6 to Sink 4
0	0	0	0	0	0	0	0	
0	0	0	0	0	0	0	0	
0	0	0	0	0	0	0	0	
0	0	0	0	0	0	0	0	
0	0	0	5.42041	0	0	0	0	
0	3.28079	0	0	0	0	0	3.7497	
0	0	0	0	0	0	0	0	
0	0	0	1.61009	0	0	0	0	
From Source 6 to Sink 5
0	0	0	0	0	0	0	0	
0	0	0	0	0	0	0	0	
0	0	0	0	0	0	0	0	
0	0	0	0	0	0	0	0	
0	0	0	0	0	0	0	0	
0	0	0	0	11.743	0	0	0	
0	0	0	0	0	0	0	0	
0	0	0	0	0	0	0	0	
From Source 6 to Sink 6
0	0	0	0	0	0	0	0	
0	0	0	0	0	0	0	0	
0	0	0	0	0	0	0	0	
0	0	0	0	0	0	0	0	
0	0	0	0	0	0	0	0	
0	0	0	0	0	0	0	0	
0	0	0	0	0	0	0	0	
0	0	0	0	0	0	0	0	
From Source 6 to Sink 7
0	0	0	0	0	0	0	0	
0	0	0	0	0	0	0	0	
0	0	0	0	0	0	-1.23021e-13	0	
0	0	0	0	0	0	0	0	
0	0	0	0	0	0	0	0	
0	0	0	0	0	0	10.2855	0	
0	0	0	0	0	0	0	0	
0	0	0	0	0	0	0	0	
From Source 6 to Sink 8
0	0	0	0	0	0	0	0	
0	0	0	0	0	0	0	0	
0	0	0	0	0	0	0	0	
0	0	0	0	0	0	0	0	
0	0	0	0	0	0	0	0	
3.74811e-13	-2.93099e-13	0	0	0	0	0	7.61662	
0	0	0	0	0	0	0	0	
0	0	0	0	0	0	0	0	
From Source 7 to Sink 1
0	0	0	0	0	0	0	0	
-2.61124e-13	0	0	0	0	0	0	0	
0	0	0	0	0	0	0	0	
0	0	0	0	0	0	0	0	
0	0	0	0	0	0	0	0	
0	0	0	0	0	0	0	0	
7.93263	0	0	0	0	0	0	0	
0	0	0	0	0	0	0	0	
From Source 7 to Sink 2
0	0	0	0	0	0	0	0	
0	0	0	0	0	0	0	0	
0	0	0	0	0	0	0	0	
0	0	0	0	0	0	0	0	
0	0	0	0	0	0	0	0	
0	0	0	0	0	0	0	0	
0	9.26909	0	0	0	0	0	0	
0	0	0	0	0	0	0	0	
From Source 7 to Sink 3
0	0	0	0	0	0	0	0	
0	0	0	0	0	0	0	0	
0	0	0	0	0	0	0	0	
0	0	0	0	0	0	0	0	
0	0	0	0	0	0	0	0	
0	0	0	0	0	0	0	0	
3.87727	0	0	0.61606	0	0	0	1.92799	
0	0	6.42131	0	0	0	0	0	
From Source 7 to Sink 4
0	0	0	0	0	0	0	0	
0	0	0	0	0	0	0	0	
0	0	0	0	0	0	0	0	
0	0	0	0	0	0	0	0	
0	0	0	0	0	0	0	0	
0	0	0	0	0	0	0	0	
0	0	0	7.75868	0	0	0	0	
0	0	0	0	0	0	0	0	
From Source 7 to Sink 5
0	0	0	0	0	0	0	0	
0	0	0	0	0	0	0	0	
0	0	0	0	7.53362	0	0	0	
0	0	0	0	0	0	0	0	
0	0	0	0	0	0	0	0	
0	0	0	0	0	0	0	0	
0	0	0	7.53362	0	0	0	0	
0	0	0	0	0	0	0	0	
From Source 7 to Sink 6
0	0	0	0	0	0	0	0	
0	0	0	0	0	6.57561	0	0	
0	0	0	0	0	0	0	0	
0	0	0	0	0	0	0	0	
0	0	0	0	0	0	0	0	
0	0	0	0	0	0	0	0	
0	6.57561	0	0	0	0	0	0	
0	0	0	0	0	0	0	0	
From Source 7 to Sink 7
0	0	0	0	0	0	0	0	
0	0	0	0	0	0	0	0	
0	0	0	0	0	0	0	0	
0	0	0	0	0	0	0	0	
0	0	0	0	0	0	0	0	
0	0	0	0	0	0	0	0	
0	0	0	0	0	0	0	0	
0	0	0	0	0	0	0	0	
From Source 7 to Sink 8
0	0	0	0	0	0	0	0	
0	0	0	0	0	0	0	0	
0	0	0	0	0	0	0	0	
0	0	0	0	0	0	0	0	
0	0	0	0	0	0	0	0	
0	0	0	0	0	0	0	0	
0	0	0	0	0	0	0	8.66985	
0	0	0	0	0	0	0	0	
From Source 8 to Sink 1
0	0	0	0	0	0	0	0	
0	0	0	0	0	0	0	0	
0	0	0	0	0	0	0	0	
-4.54747e-13	0	0	0	0	0	0	0	
0	0	0	0	0	0	0	0	
0	0	0	0	0	0	0	0	
0	0	0	0	0	0	0	0	
8.65504	0	0	0	0	0	0	0	
From Source 8 to Sink 2
0	0	0	0	0	0	0	0	
0	0	0	0	0	0	0	0	
0	0	0	0	0	0	0	0	
0	0	0	0	0	0	0	0	
0	0	0	0	0	0	0	0	
0	0	0	0	0	0	0	0	
0	0	0	0	0	0	0	0	
0	6.97092	0	0	0	0	0	0	
From Source 8 to Sink 3
0	0	0	0	0	0	0	0	
0	0	0	0	0	0	0	0	
0	0	0	0	0	0	0	0	
0	0	0	0	0	0	0	0	
0	0	0	0	0	0	0	0	
0	0	0	0	0	0	0	0	
0	0	0	0	0	0	0	0	
0	0	11.8416	0	0	0	0	0	
From Source 8 to Sink 4
0	0	0	0	0	0	0	0	
0	0	0	0	0	0	0	0	
0	0	0	0	0	0	0	0	
0	0	0	0	0	0	0	0	
0	0	0	0	0	0	0	0	
0	0	0	0	0	0	0	0	
0	0	0	0	0	0	0	0	
0	0	0	10.6522	0	0	0	0	
From Source 8 to Sink 5
0	0	0	0	0	0	0	0	
0	0	0	0	0	0	0	0	
0	0	0	0	0	0	0	0	
0	0	0	0	0	0	0	0	
0	0	0	0	0	0	0	0	
0	0	0	0	8.50782	0	0	0	
0	0	0	0	0	0	0	0	
0	8.50782	0	0	0	0	0	0	
From Source 8 to Sink 6
0	0	0	0	0	2.18406	0	0	
0	0	0	0	0	0	0	0	
0	0	0	0	0	0	0	0	
0	0	0	0	0	7.26159	0	0	
0	0	0	0	0	0	0	0	
0	0	0	0	0	0	0	0	
0	0	0	0	0	0	0	0	
5.33632	0	0	4.10932	0	0	0	0	
From Source 8 to Sink 7
0	0	0	0	0	0	4.7256	0	
0	0	0	0	0	0	1.49666	0	
0	0	0	0	0	0	0	0	
0	0	0	0	0	0	0	0	
0	0	0	0	0	0	0	0	
0	0	0	0	0	0	0	0	
0	0	0	0	0	0	0	0	
0	3.37872	2.84355	0	0	0	0	0	
From Source 8 to Sink 8
0	0	0	0	0	0	0	0	
0	0	0	0	0	0	0	0	
0	0	0	0	0	0	0	0	
0	0	0	0	0	0	0	0	
0	0	0	0	0	0	0	0	
0	0	0	0	0	0	0	0	
0	0	0	0	0	0	0	0	
0	0	0	0	0	0