MaxFlow: 22.1088

B matrix:
0	0	1	1	1	0	1	0	
1	0	1	0	0	1	0	1	
1	1	0	0	0	0	1	1	
0	1	1	0	0	1	1	0	
1	1	0	1	0	1	0	0	
0	0	0	1	1	0	1	1	
0	1	1	0	1	0	0	1	
1	0	0	1	1	1	0	0	

Traffic matrix:
0	8.57082	9.86253	8.80737	10.131	6.32332	11.6236	10.1071	
10.1035	0	11.4538	7.1577	7.99351	11.45	8.19278	11.472	
11.5461	6.9933	0	6.91544	7.78584	8.23347	9.08913	9.07833	
9.18996	10.3756	10.1883	0	9.05281	9.68426	11.5344	8.43373	
9.4646	10.8445	8.24539	7.99543	0	9.98653	6.32928	8.52866	
6.35174	7.50672	8.01232	8.38033	9.09746	0	11.1781	10.9005	
7.45203	11.023	10.9151	8.44082	9.52116	9.0297	0	11.2653	
9.81549	7.64095	7.9836	8.34859	10.7683	10.134	8.74702	0	

Flow matrix:
0	0	22.1088	22.1088	22.1088	0	22.1088	0	
22.1088	0	22.1088	0	-1.38403e-11	22.1088	0	22.1088	
22.1088	22.1088	0	-1.16495e-11	0	0	22.1088	22.1088	
0	22.1088	22.1088	0	0	22.1088	22.1088	0	
22.1088	22.1088	0	22.1088	0	22.1088	0	0	
0	1.10282e-13	0	22.1088	22.1088	0	22.1088	22.1088	
0	22.1088	22.1088	0	22.1088	0	0	22.1088	
22.1088	0	1.14389e-13	22.1088	22.1088	22.1088	0	0	

Flow Specific matrices:
From Source 1 to Sink 1
0	0	0	0	0	0	0	0	
0	0	0	0	0	0	0	0	
0	0	0	0	0	0	0	0	
0	0	0	0	0	0	0	0	
0	0	0	0	0	0	0	0	
0	0	0	0	0	0	0	0	
0	0	0	0	0	0	0	0	
0	0	0	0	0	0	0	0	
From Source 1 to Sink 2
0	0	0	6.49017	2.08065	0	0	0	
0	0	0	0	0	0	0	0	
0	4.32471	0	0	0	0	0	0	
0	0	0	0	0	0	0	0	
0	4.24611	0	0	0	0	0	0	
0	0	0	0	0	0	0	0	
0	0	0	0	0	0	0	0	
0	0	0	0	0	0	0	0	
From Source 1 to Sink 3
0	0	9.86253	0	0	0	0	0	
0	0	0	0	0	0	0	0	
0	0	0	0	0	0	0	0	
0	0	0	0	0	0	0	0	
0	0	0	0	0	0	0	0	
0	0	0	0	0	0	0	0	
0	0	0	0	0	0	0	0	
0	0	0	0	0	0	0	0	
From Source 1 to Sink 4
0	0	0	8.80737	0	0	-6.87758e-12	0	
0	0	0	0	0	0	0	0	
0	0	0	-6.81557e-12	0	0	0	0	
0	0	0	0	0	0	0	0	
0	0	0	0	0	0	0	0	
0	0	0	0	0	0	0	0	
0	0	0	0	0	0	0	0	
0	0	0	0	0	0	0	0	
From Source 1 to Sink 5
0	0	0	0	10.131	0	0	0	
0	0	0	0	0	0	0	0	
0	0	0	0	0	0	0	0	
0	0	0	0	0	0	0	0	
0	0	0	0	0	0	0	0	
0	0	0	0	0	0	0	0	
0	0	0	0	0	0	0	0	
0	0	0	0	0	0	0	0	
From Source 1 to Sink 6
0	0	0	6.32332	0	0	0	0	
0	0	0	0	0	0	0	0	
0	0	0	0	0	0	0	0	
0	0	0	0	0	1.98946	0	0	
0	0	0	0	0	0	0	0	
0	0	0	0	0	0	0	0	
0	0	0	0	0	0	0	0	
0	0	0	0	0	4.33387	0	0	
From Source 1 to Sink 7
0	0	0	0	0	0	11.6236	0	
0	0	0	0	0	0	0	0	
0	0	0	0	0	0	0	0	
0	0	0	0	0	0	0	0	
0	0	0	0	0	0	0	0	
0	0	0	0	0	0	0	0	
0	0	0	0	0	0	0	0	
0	0	0	0	0	0	0	0	
From Source 1 to Sink 8
0	0	1.11404	0	8.99305	0	0	0	
0	0	0	0	0	0	0	0	
0	0	0	0	0	0	0	0	
0	0	0	0	0	0	0	0	
0	0	0	0	0	0	0	0	
0	0	0	0	0	0	0	6.12538	
0	0	0	0	0	0	0	3.9817	
0	0	0	0	0	0	0	0	
From Source 2 to Sink 1
0	0	0	0	0	0	0	0	
10.1035	0	-6.06899e-12	0	0	0	0	0	
0	0	0	0	0	0	0	0	
0	0	0	0	0	0	0	0	
-6.06899e-12	0	0	0	0	0	0	0	
0	0	0	0	0	0	0	0	
0	0	0	0	0	0	0	0	
0	0	0	0	0	0	0	0	
From Source 2 to Sink 2
0	0	0	0	0	0	0	0	
0	0	0	0	0	0	0	0	
0	0	0	0	0	0	0	0	
0	0	0	0	0	0	0	0	
0	0	0	0	0	0	0	0	
0	0	0	0	0	0	0	0	
0	0	0	0	0	0	0	0	
0	0	0	0	0	0	0	0	
From Source 2 to Sink 3
0	0	0	0	0	0	0	0	
0	0	11.4538	0	0	0	0	0	
0	0	0	0	0	0	0	0	
0	0	0	0	0	0	0	0	
0	0	0	0	0	0	0	0	
0	0	0	0	0	0	0	0	
0	0	0	0	0	0	0	0	
0	0	0	0	0	0	0	0	
From Source 2 to Sink 4
0	0	0	0	0	0	0	0	
0	0	7.1577	0	0	0	0	0	
0	0	0	0	0	0	0	0	
0	0	0	0	0	0	0	0	
0	0	0	0	0	0	0	0	
0	0	0	7.1577	0	0	0	0	
0	0	0	0	0	0	0	0	
0	0	0	0	0	0	0	0	
From Source 2 to Sink 5
0	0	0	0	0	0	0	0	
5.65359	0	0	0	0	0	0	2.33992	
0	0	0	0	0	0	0	0	
0	0	0	0	0	0	0	0	
0	0	0	0	0	0	0	0	
0	0	0	0	0	0	0	0	
0	0	0	0	0	0	0	0	
0	0	0	0	7.99351	0	0	0	
From Source 2 to Sink 6
0	0	0	0	0	0	0	0	
0	0	0	0	0	11.45	0	0	
0	0	0	0	0	0	0	0	
0	0	0	0	0	0	0	0	
0	0	0	0	0	0	0	0	
0	0	0	0	0	0	0	0	
0	0	0	0	0	0	0	0	
0	0	0	0	0	0	0	0	
From Source 2 to Sink 7
0	0	0	0	0	0	4.15593	0	
0	0	0	0	0	8.19278	0	0	
0	0	0	0	0	0	0	0	
0	0	0	0	0	0	0	0	
0	0	0	0	0	0	0	0	
0	0	0	0	0	0	4.03685	0	
0	0	0	0	0	0	0	0	
0	0	0	0	0	0	0	0	
From Source 2 to Sink 8
0	0	0	0	0	0	0	0	
0	0	0	0	0	0	0	11.472	
0	0	0	0	0	0	0	0	
0	0	0	0	0	0	0	0	
0	0	0	0	0	0	0	0	
0	0	0	0	0	0	0	0	
0	0	0	0	0	0	0	0	
0	0	0	0	0	0	0	0	
From Source 3 to Sink 1
0	0	0	0	0	0	0	0	
0	0	0	0	0	0	0	0	
11.5461	0	0	0	0	0	0	0	
0	0	0	0	0	0	0	0	
0	0	0	0	0	0	0	0	
0	0	0	0	0	0	0	0	
0	0	0	0	0	0	0	0	
0	0	0	0	0	0	0	0	
From Source 3 to Sink 2
0	0	0	0	0	0	0	0	
0	0	0	0	0	0	0	0	
0	6.9933	0	0	0	0	0	0	
0	0	0	0	0	0	0	0	
0	0	0	0	0	0	0	0	
0	0	0	0	0	0	0	0	
0	0	0	0	0	0	0	0	
0	0	0	0	0	0	0	0	
From Source 3 to Sink 3
0	0	0	0	0	0	0	0	
0	0	0	0	0	0	0	0	
0	0	0	0	0	0	0	0	
0	0	0	0	0	0	0	0	
0	0	0	0	0	0	0	0	
0	0	0	0	0	0	0	0	
0	0	0	0	0	0	0	0	
0	0	0	0	0	0	0	0	
From Source 3 to Sink 4
0	0	0	0.487912	0	0	0	0	
0	0	0	0	0	0	0	0	
3.11066	0	0	0	0	0	3.80477	0	
0	0	0	0	0	0	0	0	
0	0	0	2.2316	0	0	0	0	
0	0	0	4.06303	0	0	0	0	
0	0	0	0	0	0	0	0	
0	0	0	0.132902	0	0	0	0	
From Source 3 to Sink 5
0	0	0	0	0.904077	0	0	0	
0	0	0	0	0	0	0	0	
0	3.28405	0	0	0	0	0	4.50179	
0	0	0	0	0	0	0	0	
0	0	0	0	0	0	0	0	
0	0	0	0	0	0	0	0	
0	0	0	0	6.88176	0	0	0	
0	0	0	0	0	0	0	0	
From Source 3 to Sink 6
0	0	0	0	0	0	0	0	
0	0	0	0	0	2.466	0	0	
0	0	0	0	0	0	8.23347	0	
0	0	0	0	0	2.67492	0	0	
0	0	0	0	0	3.09256	0	0	
0	0	0	0	0	0	0	0	
0	0	0	0	0	0	0	0	
0	0	0	0	0	0	0	0	
From Source 3 to Sink 7
0	0	0	0	0	0	0	0	
0	0	0	0	0	0	0	0	
0	0	0	0	0	0	9.08913	0	
0	0	0	0	0	0	0	0	
0	0	0	0	0	0	0	0	
0	0	0	0	0	0	0	0	
0	0	0	0	0	0	0	0	
0	0	0	0	0	0	0	0	
From Source 3 to Sink 8
0	0	0	0	0	0	0	0	
0	0	0	0	0	0	0	0	
0	0	0	0	0	0	0	9.07833	
0	0	0	0	0	0	0	0	
0	0	0	0	0	0	0	0	
0	0	0	0	0	0	0	0	
0	0	0	0	0	0	0	0	
0	0	0	0	0	0	0	0	
From Source 4 to Sink 1
0	0	0	0	0	0	0	0	
0	0	0	0	0	0	0	0	
0	0	0	0	0	0	0	0	
0	0	5.06151	0	0	4.12845	0	0	
0	0	0	0	0	0	0	0	
0	0	0	0	0	0	0	0	
0	0	0	0	0	0	0	0	
9.18996	0	0	0	0	0	0	0	
From Source 4 to Sink 2
0	0	0	0	0	0	0	0	
0	0	0	0	0	0	0	0	
0	0	0	0	0	0	0	0	
0	10.3756	0	0	0	0	0	0	
0	0	0	0	0	0	0	0	
0	0	0	0	0	0	0	0	
0	0	0	0	0	0	0	0	
0	0	0	0	0	0	0	0	
From Source 4 to Sink 3
0	0	0	0	0	0	0	0	
0	0	0	0	0	0	0	0	
0	0	0	0	0	0	0	0	
0	0	10.1883	0	0	0	0	0	
0	0	0	0	0	0	0	0	
0	0	0	0	0	0	0	0	
0	0	0	0	0	0	0	0	
0	0	0	0	0	0	0	0	
From Source 4 to Sink 4
0	0	0	0	0	0	0	0	
0	0	0	0	0	0	0	0	
0	0	0	0	0	0	0	0	
0	0	0	0	0	0	0	0	
0	0	0	0	0	0	0	0	
0	0	0	0	0	0	0	0	
0	0	0	0	0	0	0	0	
0	0	0	0	0	0	0	0	
From Source 4 to Sink 5
0	0	0	0	0	0	0	0	
0	0	0	0	0	0	0	0	
0	0	0	0	0	0	0	0	
0	5.42112	0	0	0	3.63169	0	0	
0	0	0	0	0	0	0	0	
0	0	0	0	0	0	0	0	
0	0	0	0	5.70586	0	0	0	
0	0	0	0	3.34694	0	0	0	
From Source 4 to Sink 6
0	0	0	0	0	0	0	0	
0	0	0	0	0	0	0	0	
0	0	0	0	0	0	0	0	
0	0	0	0	0	9.68426	0	0	
0	0	0	0	0	0	0	0	
0	0	0	0	0	0	0	0	
0	0	0	0	0	0	0	0	
0	0	0	0	0	0	0	0	
From Source 4 to Sink 7
0	0	0	0	0	0	0	0	
0	0	0	0	0	0	0	0	
0	0	0	0	0	0	0	0	
0	0	0	0	0	0	11.5344	0	
0	0	0	0	0	0	0	0	
0	0	0	0	0	0	0	0	
0	0	0	0	0	0	0	0	
0	0	0	0	0	0	0	0	
From Source 4 to Sink 8
0	0	0	0	0	0	0	0	
0	0	0	0	0	0	0	8.29689	
0	0	0	0	0	0	0	0	
0	0	0	0	0	0	8.43373	0	
0	0	0	0	0	0	0	0	
0	0	0	0	0	0	0	0	
0	0	0	0	0	0	0	0.136845	
0	0	0	0	0	0	0	0	
From Source 5 to Sink 1
0	0	0	0	0	0	0	0	
0	0	0	0	0	0	0	0	
0	0	0	0	0	0	0	0	
0	0	0	0	0	0	0	0	
9.4646	0	5.66589e-12	0	0	0	0	0	
5.66589e-12	0	0	0	0	0	0	0	
0	0	0	0	0	0	0	0	
0	0	0	0	0	0	0	0	
From Source 5 to Sink 2
0	0	0	0	0	0	0	0	
0	0	0	0	0	0	0	0	
0	1.33229e-13	0	0	0	0	0	0	
0	0	0	0	0	0	0	0	
0	10.8445	1.33229e-13	0	0	0	0	0	
0	0	0	0	0	0	0	0	
0	0	0	0	0	0	0	0	
0	0	0	0	0	0	0	0	
From Source 5 to Sink 3
0	0	1.99529	0	0	0	0	0	
0	0	3.49726	0	0	0	0	0	
0	0	0	0	0	0	0	0	
0	0	0	0	0	0	0	0	
4.11553	4.12986	0	0	0	0	0	0	
0	0	0	0	0	0	0	0	
0	0	2.75283	0	0	0	0	0	
0	0	0	0	0	0	0	0	
From Source 5 to Sink 4
0	0	0	0	0	0	0	0	
0	0	0	0	0	0	0	0	
0	0	0	-4.87383e-12	0	0	0	0	
0	0	0	0	0	0	0	0	
0	0	-4.87383e-12	7.99543	0	0	0	0	
0	0	0	0	0	0	0	0	
0	0	0	0	0	0	0	0	
0	0	0	0	0	0	0	0	
From Source 5 to Sink 5
0	0	0	0	0	0	0	0	
0	0	0	0	0	0	0	0	
0	0	0	0	0	0	0	0	
0	0	0	0	0	0	0	0	
0	0	0	0	0	0	0	0	
0	0	0	0	0	0	0	0	
0	0	0	0	0	0	0	0	
0	0	0	0	0	0	0	0	
From Source 5 to Sink 6
0	0	0	0	0	0	0	0	
0	0	0	0	0	0	0	0	
0	0	0	0	0	0	0	0	
0	0	0	0	0	0	0	0	
0	0	0	0	0	9.98653	0	0	
0	0	0	0	0	0	0	0	
0	0	0	0	0	0	0	0	
0	0	0	0	0	0	0	0	
From Source 5 to Sink 7
0	0	0	0	0	0	6.32928	0	
0	0	0	0	0	0	0	0	
0	0	0	0	0	0	0	0	
0	0	0	0	0	0	0	0	
0	2.88835	0	3.44093	0	0	0	0	
0	0	0	0	0	0	0	0	
0	0	0	0	0	0	0	0	
0	0	0	0	0	0	0	0	
From Source 5 to Sink 8
0	0	0	0	0	0	0	0	
0	0	0	0	0	0	0	0	
0	0	0	0	0	0	0	8.52866	
0	0	0	0	0	0	0	0	
8.52866	0	0	0	0	0	0	0	
0	0	0	0	0	0	0	0	
0	0	0	0	0	0	0	0	
0	0	0	0	0	0	0	0	
From Source 6 to Sink 1
0	0	0	0	0	0	0	0	
6.35174	0	0	0	0	0	0	0	
0	0	0	0	0	0	0	0	
0	0	0	0	0	0	0	0	
-3.97813e-12	0	0	0	0	0	0	0	
0	0	0	0	0	0	1.26888	5.08285	
0	0	0	0	0	0	0	0	
0	0	0	0	0	0	0	0	
From Source 6 to Sink 2
0	0	0	0	0	0	0	0	
0	0	0	0	0	0	0	0	
0	7.50672	0	0	0	0	0	0	
0	0	0	0	0	0	0	0	
0	0	0	0	0	0	0	0	
0	0	0	2.50772	4.999	0	0	0	
0	0	0	0	0	0	0	0	
0	0	0	0	0	0	0	0	
From Source 6 to Sink 3
0	0	1.15332	0	0	0	0	0	
0	0	5.1563e-12	0	0	0	0	0	
0	0	0	0	0	0	0	0	
0	0	6.85899	0	0	0	0	0	
0	0	0	0	0	0	0	0	
0	0	0	0	8.01232	0	0	0	
0	0	0	0	0	0	0	0	
0	0	0	0	0	0	0	0	
From Source 6 to Sink 4
0	0	0	0	0	0	0	0	
0	0	0	0	0	0	0	0	
0	0	0	0	0	0	0	0	
0	0	0	0	0	0	0	0	
0	0	0	0	0	0	0	0	
0	0	0	8.38033	0	0	0	0	
0	0	0	0	0	0	0	0	
0	0	0	0	0	0	0	0	
From Source 6 to Sink 5
0	0	0	0	0	0	0	0	
0	0	0	0	0	0	0	0	
0	0	0	0	0	0	0	0	
0	0	0	0	0	0	0	0	
0	0	0	0	0	0	0	0	
0	0	0	0	9.09746	0	0	0	
0	0	0	0	0	0	0	0	
0	0	0	0	0	0	0	0	
From Source 6 to Sink 6
0	0	0	0	0	0	0	0	
0	0	0	0	0	0	0	0	
0	0	0	0	0	0	0	0	
0	0	0	0	0	0	0	0	
0	0	0	0	0	0	0	0	
0	0	0	0	0	0	0	0	
0	0	0	0	0	0	0	0	
0	0	0	0	0	0	0	0	
From Source 6 to Sink 7
0	0	0	0	0	0	0	0	
0	0	0	0	0	0	0	0	
0	0	0	0	0	0	0	0	
0	0	0	0	0	0	0	0	
0	0	0	0	0	0	0	0	
0	0	0	0	0	0	11.1781	0	
0	0	0	0	0	0	0	0	
0	0	0	0	0	0	0	0	
From Source 6 to Sink 8
0	0	0	0	0	0	0	0	
0	0	0	0	0	0	0	0	
0	0	0	0	0	0	0	0	
0	0	0	0	0	0	0	0	
0	0	0	0	0	0	0	0	
-5.66589e-12	0	0	0	5.68149e-12	0	0	10.9005	
0	0	0	0	0	0	0	0	
0	0	0	0	0	0	0	0	
From Source 7 to Sink 1
0	0	0	0	0	0	0	0	
0	0	0	0	0	0	0	0	
7.45203	0	0	0	0	0	0	0	
0	0	0	0	0	0	0	0	
0	0	0	0	0	0	0	0	
0	0	0	0	0	0	0	0	
0	0.727142	0	0	0	0	0	6.72489	
0	0	0	0	0	0	0	0	
From Source 7 to Sink 2
0	0	0	0	0	0	0	0	
0	0	0	0	0	0	0	0	
0	-1.37754e-13	0	0	0	0	0	0	
0	0	0	0	0	0	0	0	
0	0	0	0	0	0	0	0	
0	0	0	0	0	0	0	0	
0	11.023	0	0	0	0	0	0	
0	1.38332e-13	0	0	0	0	0	0	
From Source 7 to Sink 3
0	0	0	0	0	0	0	0	
0	0	9.13381e-13	0	0	0	0	0	
0	0	0	0	0	0	0	0	
0	0	0	0	0	0	0	0	
0	0	-9.1325e-13	0	0	0	0	0	
0	0	0	0	0	0	0	0	
0	0	10.9151	0	0	0	0	0	
0	0	0	0	0	0	0	0	
From Source 7 to Sink 4
0	0	0	0	0	0	0	0	
0	0	0	0	0	0	0	0	
0	0	0	0	0	0	0	0	
0	0	0	0	0	0	0	0	
0	0	0	8.44082	0	0	0	0	
0	0	0	0	0	0	0	0	
0	0	8.44082	0	0	0	0	0	
0	0	0	-1.83745e-13	0	0	0	0	
From Source 7 to Sink 5
0	0	0	0	0	0	0	0	
0	0	0	0	-1.38403e-11	0	0	0	
0	0	0	0	0	0	0	0	
0	0	0	0	0	0	0	0	
0	0	0	0	0	0	0	0	
0	0	0	0	1.38397e-11	0	0	0	
0	0	0	0	9.52116	0	0	0	
0	0	0	0	0	0	0	0	
From Source 7 to Sink 6
0	0	0	0	0	0	0	0	
0	0	0	0	0	0	0	0	
0	0	0	0	0	0	0	0	
0	0	0	0	0	0	0	0	
0	0	0	0	0	9.0297	0	0	
0	0	0	0	0	0	0	0	
0	9.0297	0	0	0	0	0	0	
0	0	0	0	0	0	0	0	
From Source 7 to Sink 7
0	0	0	0	0	0	0	0	
0	0	0	0	0	0	0	0	
0	0	0	0	0	0	0	0	
0	0	0	0	0	0	0	0	
0	0	0	0	0	0	0	0	
0	0	0	0	0	0	0	0	
0	0	0	0	0	0	0	0	
0	0	0	0	0	0	0	0	
From Source 7 to Sink 8
0	0	0	0	0	0	0	0	
0	0	0	0	0	0	0	0	
0	0	0	0	0	0	0	0	
0	0	0	0	0	0	0	0	
0	0	0	0	0	0	0	0	
0	0	0	0	0	0	0	0	
0	0	0	0	0	0	0	11.2653	
0	0	0	0	0	0	0	0	
From Source 8 to Sink 1
0	0	0	0	0	0	0	0	
0	0	0	0	0	0	0	0	
0	0	0	0	0	0	0	0	
0	0	0	0	0	0	0	0	
0	0	0	0	0	0	0	0	
0	0	0	0	0	0	0	0	
0	0	0	0	0	0	0	0	
9.81549	0	0	0	0	0	0	0	
From Source 8 to Sink 2
0	0	0	0	0	0	0	0	
0	0	0	0	0	0	0	0	
0	0	0	0	0	0	0	0	
0	6.31203	0	0	0	0	0	0	
0	0	0	0	0	0	0	0	
0	0	0	0	0	0	0	0	
0	1.32892	0	0	0	0	0	0	
0	0	0	0	0	7.64095	0	0	
From Source 8 to Sink 3
0	0	7.9836	0	0	0	0	0	
0	0	0	0	0	0	0	0	
0	0	0	0	0	0	0	0	
0	0	0	0	0	0	0	0	
0	0	0	0	0	0	0	0	
0	0	0	0	0	0	0	0	
0	0	0	0	0	0	0	0	
0	0	0	7.9836	0	0	0	0	
From Source 8 to Sink 4
0	0	0	0	0	0	0	0	
0	0	0	0	0	0	0	0	
0	0	0	0	0	0	0	0	
0	0	0	0	0	0	0	0	
0	0	0	0	0	0	0	0	
0	0	0	0	0	0	0	0	
0	0	0	0	0	0	0	0	
0	0	0	8.34859	0	0	0	0	
From Source 8 to Sink 5
0	0	0	0	0	0	0	0	
0	0	0	0	0	0	0	0	
0	0	0	0	0	0	0	0	
0	0	0	0	0	0	0	0	
0	0	0	0	0	0	0	0	
0	0	0	0	0	0	0	0	
0	0	0	0	0	0	0	0	
0	0	0	0	10.7683	0	0	0	
From Source 8 to Sink 6
0	0	0	0	0	0	0	0	
0	0	0	0	0	0	0	0	
0	0	0	0	0	0	0	0	
0	0	0	0	0	0	0	0	
0	0	0	0	0	0	0	0	
0	0	0	0	0	0	0	0	
0	0	0	0	0	0	0	0	
0	0	0	0	0	10.134	0	0	
From Source 8 to Sink 7
0	0	0	0	0	0	0	0	
0	0	0	0	0	0	0	0	
0	0	0	0	0	0	0.981403	0	
0	0	0	0	0	0	2.14064	0	
0	0	0	0	0	0	0	0	
0	0	0	0	0	0	5.62498	0	
0	0	0	0	0	0	0	0	
3.10333	-1.79013e-13	0	5.64369	0	0	0	0	
From Source 8 to Sink 8
0	0	0	0	0	0	0	0	
0	0	0	0	0	0	0	0	
0	0	0	0	0	0	0	0	
0	0	0	0	0	0	0	0	
0	0	0	0	0	0	0	0	
0	0	0	0	0	0	0	0	
0	0	0	0	0	0	0	0	
0	0	0	0	0	0	0	0	