MaxFlow: 21.1518

B matrix:
0	1	0	0	0	1	1	1	
1	0	0	0	1	1	1	0	
0	0	0	1	1	1	0	1	
1	1	0	0	1	0	0	1	
0	0	1	1	0	1	1	0	
1	1	1	0	1	0	0	0	
0	1	1	1	0	0	0	1	
1	0	1	1	0	0	1	0	

Traffic matrix:
0	9.54999	8.3239	6.72245	9.91237	9.67269	10.8392	10.1331	
9.18705	0	7.20071	6.2741	8.28948	11.8893	11.2287	8.01965	
8.29291	8.43862	0	8.07346	10.2237	10.9019	8.31285	9.4182	
11.1814	10.7357	6.26875	0	11.781	8.96286	8.31309	10.8725	
6.46983	7.15394	11.3288	11.0384	0	8.52638	11.6297	8.18383	
10.4122	7.85585	10.8728	6.53212	9.29274	0	9.83633	6.09196	
7.25021	9.03485	6.67432	11.7287	6.28057	6.50635	0	6.71636	
10.7969	6.86468	9.88897	6.56923	6.54268	7.8689	9.2669	0	

Flow matrix:
0	21.1518	0	0	0	21.1518	21.1518	21.1518	
21.1518	0	0	0	21.1518	21.1518	21.1518	-1.72229e-13	
0	0	0	21.1518	21.1518	21.1518	0	21.1518	
21.1518	21.1518	0	0	21.1518	0	0	21.1518	
0	0	21.1518	21.1518	0	21.1518	21.1518	0	
21.1518	21.1518	21.1518	0	21.1518	0	0	0	
0	21.1518	21.1518	21.1518	0	1.96649e-13	0	21.1518	
21.1518	0	21.1518	21.1518	0	0	21.1518	0	

Flow Specific matrices:
From Source 1 to Sink 1
0	0	0	0	0	0	0	0	
0	0	0	0	0	0	0	0	
0	0	0	0	0	0	0	0	
0	0	0	0	0	0	0	0	
0	0	0	0	0	0	0	0	
0	0	0	0	0	0	0	0	
0	0	0	0	0	0	0	0	
0	0	0	0	0	0	0	0	
From Source 1 to Sink 2
0	9.54999	0	0	0	0	0	0	
0	0	0	0	0	0	0	0	
0	0	0	0	0	0	0	0	
0	0	0	0	0	0	0	0	
0	0	0	0	0	0	0	0	
0	0	0	0	0	0	0	0	
0	0	0	0	0	0	0	0	
0	0	0	0	0	0	0	0	
From Source 1 to Sink 3
0	4.87937	0	0	0	0	3.44453	0	
0	0	0	0	0	0	0	0	
0	0	0	0	0	0	0	0	
0	0	0	0	0	0	0	0	
0	0	0	0	0	0	0	0	
0	0	0	0	0	0	0	0	
0	0	0	0	0	0	0	0	
0	0	8.3239	0	0	0	0	0	
From Source 1 to Sink 4
0	6.72245	0	0	0	0	0	0	
0	0	0	0	0	0	0	0	
0	0	0	6.72245	0	0	0	0	
0	0	0	0	0	0	0	0	
0	0	0	0	0	0	0	0	
0	0	0	0	0	0	0	0	
0	0	0	0	0	0	0	0	
0	0	0	0	0	0	0	0	
From Source 1 to Sink 5
0	0	0	0	0	3.04429	6.86808	0	
0	0	0	0	9.91237	0	0	0	
0	0	0	0	0	0	0	0	
0	0	0	0	0	0	0	0	
0	0	0	0	0	0	0	0	
0	0	0	0	0	0	0	0	
0	0	0	0	0	0	0	0	
0	0	0	0	0	0	0	0	
From Source 1 to Sink 6
0	0	0	0	0	9.67269	0	0	
0	0	0	0	0	0	0	0	
0	0	0	0	0	0	0	0	
0	0	0	0	0	0	0	0	
0	0	0	0	0	0	0	0	
0	0	0	0	0	0	0	0	
0	0	0	0	0	0	0	0	
0	0	0	0	0	0	0	0	
From Source 1 to Sink 7
0	0	0	0	0	0	10.8392	0	
0	0	0	0	0	0	0	0	
0	0	0	0	0	0	0	0	
0	0	0	0	0	0	0	0	
0	0	0	0	0	0	0	0	
0	0	0	0	0	0	0	0	
0	0	0	0	0	0	0	0	
0	0	0	0	0	0	0	0	
From Source 1 to Sink 8
0	0	0	0	0	0	0	10.1331	
0	0	0	0	0	0	0	0	
0	0	0	0	0	0	0	0	
0	0	0	0	0	0	0	0	
0	0	0	0	0	0	0	0	
0	0	0	0	0	0	0	0	
0	0	0	0	0	0	0	0	
0	0	0	0	0	0	0	0	
From Source 2 to Sink 1
0	0	0	0	0	0	0	0	
9.18705	0	0	0	1.15598e-13	0	0	0	
0	0	0	0	0	0	0	0	
1.15598e-13	0	0	0	0	0	0	0	
0	0	0	0	0	0	0	0	
0	0	0	0	0	0	0	0	
0	0	0	0	0	0	0	0	
0	0	0	0	0	0	0	0	
From Source 2 to Sink 2
0	0	0	0	0	0	0	0	
0	0	0	0	0	0	0	0	
0	0	0	0	0	0	0	0	
0	0	0	0	0	0	0	0	
0	0	0	0	0	0	0	0	
0	0	0	0	0	0	0	0	
0	0	0	0	0	0	0	0	
0	0	0	0	0	0	0	0	
From Source 2 to Sink 3
0	0	0	0	0	0	0	0	
0	0	0	0	1.99634	5.20436	0	0	
0	0	0	0	0	0	0	0	
0	0	0	0	0	0	0	0	
0	0	1.27277	0	0	0	0	0	
0	0	0	0	0	0	0	0	
0	0	5.92794	0	0	0	0	0	
0	0	0	0	0	0	0	0	
From Source 2 to Sink 4
0	0	0	0	0	0	0	0	
0	0	0	0	0	1.40627	4.86783	0	
0	0	0	0	0	0	0	0	
0	0	0	0	0	0	0	0	
0	0	0	0	0	0	0	0	
0	0	0	0	0	0	0	0	
0	0	0	6.2741	0	0	0	0	
0	0	0	0	0	0	0	0	
From Source 2 to Sink 5
0	0	0	0	0	0	0	0	
0	0	0	0	8.28948	0	0	0	
0	0	0	0	0	0	0	0	
0	0	0	0	0	0	0	0	
0	0	0	0	0	0	0	0	
0	0	0	0	0	0	0	0	
0	0	0	0	0	0	0	0	
0	0	0	0	0	0	0	0	
From Source 2 to Sink 6
0	0	0	0	0	0	0	0	
0	0	0	0	0	11.8893	0	0	
0	0	0	0	0	0	0	0	
0	0	0	0	0	0	0	0	
0	0	0	0	0	0	0	0	
0	0	0	0	0	0	0	0	
0	0	0	0	0	0	0	0	
0	0	0	0	0	0	0	0	
From Source 2 to Sink 7
0	0	0	0	0	0	0	0	
0	0	0	0	0	0	11.2287	0	
0	0	0	0	0	0	0	0	
0	0	0	0	0	0	0	0	
0	0	0	0	0	0	0	0	
0	0	0	0	0	0	0	0	
0	0	0	0	0	0	0	0	
0	0	0	0	0	0	0	0	
From Source 2 to Sink 8
0	0	0	0	0	0	0	0	
5.3678	0	0	0	0	2.65185	0	0	
0	0	0	0	0	0	0	0	
0	0	0	0	0	0	0	8.01965	
0	0	0	0	0	0	0	0	
0	0	0	0	0	0	0	0	
0	0	0	0	0	0	0	0	
0	0	0	0	0	0	0	0	
From Source 3 to Sink 1
0	0	0	0	0	0	0	0	
0.127125	0	0	0	0	0	0	0	
0	0	0	0	0	1.28702	0	7.00588	
0	0	0	0	0	0	0	0	
0	0	0	0	0	0	0	0	
8.16578	0	0	0	0	0	0	0	
0	0	0	0	0	0	0	0	
0	0	0	0	0	0	0	0	
From Source 3 to Sink 2
0	0	0	0	0	0	0	0	
0	0	0	0	0	0	0	0	
0	0	0	0	4.02012	0	0	4.4185	
0	6.88065	0	0	0	0	0	0	
0	0	0	0	0	0	0	0	
0	0	0	0	0	0	0	0	
0	1.55797	0	0	0	0	0	0	
0	0	0	0	0	0	0	0	
From Source 3 to Sink 3
0	0	0	0	0	0	0	0	
0	0	0	0	0	0	0	0	
0	0	0	0	0	0	0	0	
0	0	0	0	0	0	0	0	
0	0	0	0	0	0	0	0	
0	0	0	0	0	0	0	0	
0	0	0	0	0	0	0	0	
0	0	0	0	0	0	0	0	
From Source 3 to Sink 4
0	0	0	0	0	0	0	0	
0	0	0	0	0	0	0	0	
0	0	0	8.07346	0	0	0	0	
0	0	0	0	0	0	0	0	
0	0	0	0	0	0	0	0	
0	0	0	0	0	0	0	0	
0	0	0	0	0	0	0	0	
0	0	0	0	0	0	0	0	
From Source 3 to Sink 5
0	0	0	0	0	0	0	0	
0	0	0	0	2.00668e-13	0	0	0	
0	2.00668e-13	0	0	10.2237	0	0	0	
0	0	0	0	0	0	0	0	
0	0	0	0	0	0	0	0	
0	0	0	0	0	0	0	0	
0	0	0	0	0	0	0	0	
0	0	0	0	0	0	0	0	
From Source 3 to Sink 6
0	0	0	0	0	0	0	0	
0	0	0	0	0	0	0	0	
0	0	0	0	0	10.9019	0	0	
0	0	0	0	0	0	0	0	
0	0	0	0	0	0	0	0	
0	0	0	0	0	0	0	0	
0	0	0	0	0	0	0	0	
0	0	0	0	0	0	0	0	
From Source 3 to Sink 7
0	0	0	0	0	0	0	0	
0	0	0	0	0	0	0	0	
0	0	0	6.35589	1.95696	0	0	0	
0	0	0	0	0	0	0	0	
0	0	0	0	0	0	0	0	
0	0	0	0	0	0	0	0	
0	0	0	0	0	0	0	0	
0	0	0	0	0	0	8.31285	0	
From Source 3 to Sink 8
0	0	0	0	0	0	0	0	
0	0	0	0	0	0	0	-1.02492e-13	
0	-1.02492e-13	0	0	0	0	0	9.4182	
0	0	0	0	0	0	0	0	
0	0	0	0	0	0	0	0	
0	0	0	0	0	0	0	0	
0	0	0	0	0	0	0	0	
0	0	0	0	0	0	0	0	
From Source 4 to Sink 1
0	0	0	0	0	0	0	0	
0	0	0	0	0	0	0	0	
0	0	0	0	0	0	0	0	
11.1814	0	0	0	0	0	0	-1.4587e-13	
0	0	0	0	0	0	0	0	
0	0	0	0	0	0	0	0	
-1.4587e-13	0	0	0	0	0	0	0	
0	0	0	0	0	0	0	0	
From Source 4 to Sink 2
0	0	0	0	0	0	0	0	
0	0	0	0	0	0	0	0	
0	0	0	0	0	0	0	0	
0	10.7357	0	0	0	0	0	0	
0	0	0	0	0	0	0	0	
0	0	0	0	0	0	0	0	
0	0	0	0	0	0	0	0	
0	0	0	0	0	0	0	0	
From Source 4 to Sink 3
0	0	0	0	0	0	0	0	
0	0	0	0	0	0	0	0	
0	0	0	0	0	0	0	0	
6.26875	0	0	0	0	0	0	0	
0	0	2.08172	0	0	0	0	0	
0	0	4.18703	0	0	0	0	0	
0	0	0	0	0	0	0	0	
0	0	0	0	0	0	0	0	
From Source 4 to Sink 4
0	0	0	0	0	0	0	0	
0	0	0	0	0	0	0	0	
0	0	0	0	0	0	0	0	
0	0	0	0	0	0	0	0	
0	0	0	0	0	0	0	0	
0	0	0	0	0	0	0	0	
0	0	0	0	0	0	0	0	
0	0	0	0	0	0	0	0	
From Source 4 to Sink 5
0	0	0	0	0	0	0	0	
0	0	0	0	0	0	0	0	
0	0	0	0	0	0	0	0	
0	0	0	0	11.781	0	0	0	
0	0	0	0	0	0	0	0	
0	0	0	0	0	0	0	0	
0	0	0	0	0	0	0	0	
0	0	0	0	0	0	0	0	
From Source 4 to Sink 6
0	0	0	0	0	0	0	0	
0	0	0	0	0	0	0	0	
0	0	0	0	0	8.96286	0	0	
0	3.53546	0	0	5.4274	0	0	0	
0	0	0	0	0	0	0	0	
0	0	0	0	0	0	0	0	
0	0	0	0	0	0	0	0	
0	0	0	0	0	0	0	0	
From Source 4 to Sink 7
0	0	0	0	0	0	0	0	
0	0	0	0	0	0	0	0	
0	0	0	0	0	0	0	0	
3.70165	0	0	0	2.35177	0	0	2.25968	
0	0	0	0	0	0	8.31309	0	
0	0	0	0	0	0	0	0	
0	0	0	0	0	0	0	0	
0	0	0	0	0	0	0	0	
From Source 4 to Sink 8
0	0	0	0	0	0	0	0	
0	0	0	0	0	0	0	0	
0	0	0	0	0	0	0	0	
0	0	0	0	0	0	0	10.8725	
0	0	0	0	0	0	0	0	
0	0	0	0	0	0	0	0	
0	0	0	0	0	0	0	0	
0	0	0	0	0	0	0	0	
From Source 5 to Sink 1
0	0	0	0	0	0	0	0	
6.46983	0	0	0	0	0	0	0	
0	0	0	0	0	0	0	0	
0	0	0	0	0	0	0	0	
0	0	0	6.46983	0	0	0	0	
0	0	0	0	0	0	0	0	
0	0	0	0	0	0	0	0	
0	0	0	0	0	0	0	0	
From Source 5 to Sink 2
0	0	0	0	0	0	0	0	
0	0	0	0	0	0	0	0	
0	0	0	0	0	0	0	0	
0	0	0	0	0	0	0	0	
0	0	0.468925	0	0	6.68502	0	0	
0	0	0	0	0	0	0	0	
0	7.15394	0	0	0	0	0	0	
0	0	0	0	0	0	0	0	
From Source 5 to Sink 3
0	0	0	0	0	0	0	0	
0	0	0	0	0	0	0	0	
0	0	0	0	0	0	0	0	
0	0	0	0	0	0	0	0	
0	0	11.3288	0	0	0	0	0	
0	0	0	0	0	0	0	0	
0	0	0	0	0	0	0	0	
0	0	0	0	0	0	0	0	
From Source 5 to Sink 4
0	0	0	0	0	0	0	0	
0	0	0	0	0	0	0	0	
0	0	0	0	0	0	0	0	
0	0	0	0	0	0	0	0	
0	0	0	11.0384	0	0	0	0	
0	0	0	0	0	0	0	0	
0	0	0	0	0	0	0	0	
0	0	0	0	0	0	0	0	
From Source 5 to Sink 5
0	0	0	0	0	0	0	0	
0	0	0	0	0	0	0	0	
0	0	0	0	0	0	0	0	
0	0	0	0	0	0	0	0	
0	0	0	0	0	0	0	0	
0	0	0	0	0	0	0	0	
0	0	0	0	0	0	0	0	
0	0	0	0	0	0	0	0	
From Source 5 to Sink 6
0	0	0	0	0	0	0	0	
0	0	0	0	0	0	0	0	
0	0	0	0	0	0	0	0	
0	0	0	0	0	0	0	0	
0	0	0	0	0	8.52638	0	0	
0	0	0	0	0	0	0	0	
0	0	0	0	0	0	0	0	
0	0	0	0	0	0	0	0	
From Source 5 to Sink 7
0	0	0	0	0	0	0	0	
0	0	0	0	0	0	0	0	
0	0	0	0	0	0	0	0	
0	0	0	0	0	0	0	0	
0	0	0	0	0	0	11.6297	0	
0	0	0	0	0	0	0	0	
0	0	0	0	0	0	0	0	
0	0	0	0	0	0	0	0	
From Source 5 to Sink 8
0	0	0	0	0	0	0	5.23597	
0	0	0	0	0	0	0	0	
0	0	0	0	0	0	0	0	
0	0	0	0	0	0	0	0	
0	0	5.99955	2.18427	0	0	0	0	
0	0	0	0	0	0	0	0	
0	0	0	0	0	0	0	2.94786	
0	0	0	0	0	0	0	0	
From Source 6 to Sink 1
0	0	0	0	0	0	0	0	
0	0	0	0	0	0	0	0	
0	0	0	0	0	0	0	0	
0	0	0	0	0	0	0	0	
0	0	0	0	0	0	0	0	
10.4122	0	0	0	0	0	0	0	
0	0	0	0	0	0	0	0	
0	0	0	0	0	0	0	0	
From Source 6 to Sink 2
0	0	0	0	0	0	0	0	
0	0	0	0	0	0	0	0	
0	0	0	0	0	0	0	0	
0	-5.42709e-13	0	0	0	0	0	0	
0	0	0	0	0	0	0	0	
0	7.85585	0	0	0	0	0	0	
0	0	0	0	0	0	0	0	
0	0	0	0	0	0	0	0	
From Source 6 to Sink 3
0	0	0	0	0	0	0	0	
0	0	0	0	0	0	0	0	
0	0	0	0	0	0	0	0	
0	0	0	0	0	0	0	0	
0	0	0	0	0	0	0	0	
0	0	10.8728	0	0	0	0	0	
0	0	0	0	0	0	0	0	
0	0	0	0	0	0	0	0	
From Source 6 to Sink 4
0	0	0	0	0	0	0	0	
0	0	0	0	0	0	0	0	
0	0	0	0	0	0	0	0	
0	0	0	0	0	0	0	0	
0	0	0	1.45932	0	0	0	0	
0	0	0	0	6.53212	0	0	0	
0	0	0	3.14902	0	0	0	0	
0	0	0	1.92378	0	0	0	0	
From Source 6 to Sink 5
0	0	0	0	0	0	0	0	
0	0	0	0	0	0	0	0	
0	0	0	0	0	0	0	0	
0	0	0	0	0	0	0	0	
0	0	0	0	0	0	0	0	
0	0	0	0	9.29274	0	0	0	
0	0	0	0	0	0	0	0	
0	0	0	0	0	0	0	0	
From Source 6 to Sink 6
0	0	0	0	0	0	0	0	
0	0	0	0	0	0	0	0	
0	0	0	0	0	0	0	0	
0	0	0	0	0	0	0	0	
0	0	0	0	0	0	0	0	
0	0	0	0	0	0	0	0	
0	0	0	0	0	0	0	0	
0	0	0	0	0	0	0	0	
From Source 6 to Sink 7
0	0	0	0	0	0	0	0	
0	0	0	0	0	0	5.05527	0	
0	0	0	0	0	0	0	0	
0	0	0	0	0	0	0	0	
0	0	0	0	0	0	1.20901	0	
0	9.83633	0	0	0	0	0	0	
0	0	0	0	0	0	0	0	
0	0	0	0	0	0	3.57205	0	
From Source 6 to Sink 8
0	0	0	0	0	0	0	5.78272	
0	0	0	0	0	0	0	0	
0	0	0	0	0	0	0	0.309231	
0	0	0	0	0	0	0	0	
0	0	0	0	0	0	0	0	
0	0	6.09196	0	0	0	0	0	
0	0	0	0	0	0	0	0	
0	0	0	0	0	0	0	0	
From Source 7 to Sink 1
0	0	0	0	0	0	0	0	
0	0	0	0	0	0	0	0	
0	0	0	0	0	0	0	0	
0	0	0	0	0	0	0	0	
0	0	0	0	0	0	0	0	
2.57387	0	0	0	0	0	0	0	
0	0	7.25021	0	0	0	0	0	
4.67634	0	0	0	0	0	0	0	
From Source 7 to Sink 2
0	0	0	0	0	0	0	0	
0	0	0	0	0	0	0	0	
0	0	0	0	0	0	0	0	
0	0	0	0	0	0	0	0	
0	0	0	0	0	0	0	0	
0	0	0	0	0	0	0	0	
-1.17551e-13	9.03485	0	0	0	2.15464e-13	0	0	
0	0	0	0	0	0	0	0	
From Source 7 to Sink 3
0	0	0	0	0	0	0	0	
0	0	0	0	0	0	0	0	
0	0	0	0	0	0	0	0	
0	0	0	0	0	0	0	0	
0	0	0	0	0	0	0	0	
0	0	0	0	0	0	0	0	
0	0	6.67432	0	0	0	0	0	
0	0	0	0	0	0	0	0	
From Source 7 to Sink 4
0	0	0	0	0	0	0	0	
0	0	0	0	0	0	0	0	
0	0	0	0	0	0	0	0	
0	0	0	0	0	0	0	0	
0	0	0	0	0	0	0	0	
0	0	0	0	0	0	0	0	
0	0	0	11.7287	0	0	0	0	
0	0	0	0	0	0	0	0	
From Source 7 to Sink 5
0	0	0	0	0	0	0	0	
0	0	0	0	0.953619	0	0	0	
0	0	0	0	0	0	0	0	
0	0	0	0	0	0	0	0	
0	0	0	0	0	0	0	0	
0	0	0	0	5.32695	0	0	0	
0	0	1.29933	0	0	0	0	4.98124	
0	0	0	0	0	0	0	0	
From Source 7 to Sink 6
0	0	0	0	0	6.50635	0	0	
0	0	0	0	0	0	0	0	
0	0	0	0	0	0	0	0	
0	0	0	0	0	0	0	0	
0	0	0	0	0	0	0	0	
0	0	0	0	0	0	0	0	
1.90641e-13	0	0	0	0	0	0	6.50635	
0	0	0	0	0	0	0	0	
From Source 7 to Sink 7
0	0	0	0	0	0	0	0	
0	0	0	0	0	0	0	0	
0	0	0	0	0	0	0	0	
0	0	0	0	0	0	0	0	
0	0	0	0	0	0	0	0	
0	0	0	0	0	0	0	0	
0	0	0	0	0	0	0	0	
0	0	0	0	0	0	0	0	
From Source 7 to Sink 8
0	0	0	0	0	0	0	0	
0	0	0	0	0	0	0	0	
0	0	0	0	0	0	0	0	
0	0	0	0	0	0	0	0	
0	0	0	0	0	0	0	0	
0	0	0	0	0	0	0	0	
0	0	0	0	0	0	0	6.71636	
0	0	0	0	0	0	0	0	
From Source 8 to Sink 1
0	0	0	0	0	0	0	0	
0	0	0	0	0	0	0	0	
0	0	0	0	0	0	0	0	
0	0	0	0	0	0	0	0	
0	0	0	0	0	0	0	0	
0	0	0	0	0	0	0	0	
0	0	0	0	0	0	0	0	
10.7969	0	0	0	0	0	0	0	
From Source 8 to Sink 2
0	0	0	0	0	0	0	0	
0	0	0	0	0	0	0	0	
0	0	0	0	0	0	0	0	
0	0	0	0	0	0	0	0	
0	0	0	0	0	0	0	0	
0	3.45963	0	0	0	0	0	0	
0	3.40505	0	0	0	0	0	0	
5.67852	0	1.18616	0	0	0	0	0	
From Source 8 to Sink 3
0	0	0	0	0	0	0	0	
0	0	0	0	0	0	0	0	
0	0	0	0	0	0	0	0	
0	0	0	0	0	0	0	0	
0	0	0	0	0	0	0	0	
0	0	0	0	0	0	0	0	
0	0	0	0	0	0	0	0	
0	0	9.88897	0	0	0	0	0	
From Source 8 to Sink 4
0	0	0	0	0	0	0	0	
0	0	0	0	0	0	0	0	
0	0	0	0	0	0	0	0	
0	0	0	0	0	0	0	0	
0	0	0	0	0	0	0	0	
0	0	0	0	0	0	0	0	
0	0	0	0	0	0	0	0	
0	0	0	6.56923	0	0	0	0	
From Source 8 to Sink 5
0	0	0	0	0	0	0	0	
0	0	0	0	0	0	0	0	
0	0	0	0	4.95099	0	0	0	
0	0	0	0	1.59169	0	0	0	
0	0	0	0	0	0	0	0	
0	0	0	0	0	0	0	0	
0	0	0	0	0	0	0	0	
0	0	0	6.54268	0	0	0	0	
From Source 8 to Sink 6
0	0	0	0	0	1.92849	0	0	
0	0	0	0	0	0	0	0	
0	0	0	0	0	0	0	0	
0	0	0	0	0	0	0	0	
0	0	0	0	0	5.94041	0	0	
0	0	0	0	0	0	0	0	
0	0	0	0	0	0	0	0	
0	0	1.75277	6.11612	0	0	0	0	
From Source 8 to Sink 7
0	0	0	0	0	0	0	0	
0	0	0	0	0	0	0	0	
0	0	0	0	0	0	0	0	
0	0	0	0	0	0	0	0	
0	0	0	0	0	0	0	0	
0	0	0	0	0	0	0	0	
0	0	0	0	0	0	0	0	
0	0	0	0	0	0	9.2669	0	
From Source 8 to Sink 8
0	0	0	0	0	0	0	0	
0	0	0	0	0	0	0	0	
0	0	0	0	0	0	0	0	
0	0	0	0	0	0	0	0	
0	0	0	0	0	0	0	0	
0	0	0	0	0	0	0	0	
0	0	0	0	0	0	0	0	
0	0	0	0	0	0	0	0	